(kicad_pcb (version 20171130) (host pcbnew 5.1.5+dfsg1-2build2)

  (general
    (thickness 1.6)
    (drawings 38)
    (tracks 1211)
    (zones 0)
    (modules 97)
    (nets 111)
  )

  (page A4)
  (layers
    (0 F.Cu signal)
    (31 B.Cu signal)
    (32 B.Adhes user)
    (33 F.Adhes user)
    (34 B.Paste user)
    (35 F.Paste user)
    (36 B.SilkS user)
    (37 F.SilkS user)
    (38 B.Mask user)
    (39 F.Mask user)
    (40 Dwgs.User user)
    (41 Cmts.User user)
    (42 Eco1.User user)
    (43 Eco2.User user)
    (44 Edge.Cuts user)
    (45 Margin user)
    (46 B.CrtYd user)
    (47 F.CrtYd user)
    (48 B.Fab user)
    (49 F.Fab user hide)
  )

  (setup
    (last_trace_width 0.4)
    (user_trace_width 0.25)
    (user_trace_width 0.3)
    (user_trace_width 0.5)
    (user_trace_width 0.6)
    (user_trace_width 0.8)
    (trace_clearance 0.2)
    (zone_clearance 0.508)
    (zone_45_only no)
    (trace_min 0.2)
    (via_size 0.8)
    (via_drill 0.4)
    (via_min_size 0.4)
    (via_min_drill 0.3)
    (uvia_size 0.3)
    (uvia_drill 0.1)
    (uvias_allowed no)
    (uvia_min_size 0.2)
    (uvia_min_drill 0.1)
    (edge_width 0.15)
    (segment_width 0.2)
    (pcb_text_width 0.3)
    (pcb_text_size 1.5 1.5)
    (mod_edge_width 0.15)
    (mod_text_size 1 1)
    (mod_text_width 0.15)
    (pad_size 1.524 1.524)
    (pad_drill 1.016)
    (pad_to_mask_clearance 0.2)
    (solder_mask_min_width 0.25)
    (aux_axis_origin 0 0)
    (grid_origin 136.25 56)
    (visible_elements 7FFFFFFF)
    (pcbplotparams
      (layerselection 0x010fc_ffffffff)
      (usegerberextensions false)
      (usegerberattributes false)
      (usegerberadvancedattributes false)
      (creategerberjobfile false)
      (excludeedgelayer true)
      (linewidth 0.100000)
      (plotframeref false)
      (viasonmask false)
      (mode 1)
      (useauxorigin false)
      (hpglpennumber 1)
      (hpglpenspeed 20)
      (hpglpendiameter 15.000000)
      (psnegative false)
      (psa4output false)
      (plotreference true)
      (plotvalue true)
      (plotinvisibletext false)
      (padsonsilk false)
      (subtractmaskfromsilk false)
      (outputformat 1)
      (mirror false)
      (drillshape 0)
      (scaleselection 1)
      (outputdirectory ""))
  )

  (net 0 "")
  (net 1 GND)
  (net 2 +3V3)
  (net 3 +5V)
  (net 4 "Net-(D2-Pad1)")
  (net 5 "Net-(D3-Pad1)")
  (net 6 SCK)
  (net 7 MOSI)
  (net 8 RX)
  (net 9 TX)
  (net 10 "Net-(J5-Pad8)")
  (net 11 "Net-(C4-Pad2)")
  (net 12 "Net-(C13-Pad2)")
  (net 13 SCL)
  (net 14 SDA)
  (net 15 RST)
  (net 16 "Net-(U1-Pad9)")
  (net 17 "Net-(U1-Pad10)")
  (net 18 "Net-(U1-Pad11)")
  (net 19 "Net-(U1-Pad12)")
  (net 20 "Net-(U1-Pad14)")
  (net 21 "Net-(U1-Pad15)")
  (net 22 "Net-(U3-Pad21)")
  (net 23 "Net-(U3-Pad32)")
  (net 24 "Net-(C3-Pad1)")
  (net 25 "Net-(C3-Pad2)")
  (net 26 "Net-(C7-Pad2)")
  (net 27 "Net-(D1-Pad1)")
  (net 28 "Net-(J2-Pad2)")
  (net 29 "Net-(J3-Pad1)")
  (net 30 "Net-(J4-Pad2)")
  (net 31 "Net-(J4-Pad1)")
  (net 32 RS)
  (net 33 CS)
  (net 34 "Net-(J5-Pad7)")
  (net 35 "Net-(J5-Pad9)")
  (net 36 "Net-(J5-Pad10)")
  (net 37 "Net-(J5-Pad11)")
  (net 38 "Net-(J5-Pad12)")
  (net 39 "Net-(Q3-Pad2)")
  (net 40 "Net-(Q3-Pad1)")
  (net 41 LEDA)
  (net 42 "Net-(U1-Pad13)")
  (net 43 "Net-(U3-Pad17)")
  (net 44 "Net-(U3-Pad18)")
  (net 45 "Net-(U3-Pad19)")
  (net 46 "Net-(U3-Pad20)")
  (net 47 "Net-(U3-Pad22)")
  (net 48 "Net-(C16-Pad2)")
  (net 49 "Net-(C16-Pad1)")
  (net 50 "Net-(D4-Pad1)")
  (net 51 "Net-(D4-Pad2)")
  (net 52 "Net-(D5-Pad2)")
  (net 53 "Net-(D5-Pad1)")
  (net 54 TX1)
  (net 55 "Net-(R14-Pad2)")
  (net 56 "Net-(R15-Pad2)")
  (net 57 RX1)
  (net 58 "Net-(R16-Pad1)")
  (net 59 "Net-(R17-Pad2)")
  (net 60 "Net-(U6-Pad3)")
  (net 61 "Net-(U6-Pad11)")
  (net 62 "Net-(U6-Pad12)")
  (net 63 "Net-(J2-Pad5)")
  (net 64 "Net-(J2-Pad6)")
  (net 65 "Net-(J2-Pad1)")
  (net 66 PWR_LED)
  (net 67 PWR)
  (net 68 UP)
  (net 69 MODE)
  (net 70 DOWN)
  (net 71 BUZZER)
  (net 72 "Net-(R22-Pad2)")
  (net 73 "Net-(U7-Pad3)")
  (net 74 "Net-(U7-Pad4)")
  (net 75 "Net-(J2-Pad3)")
  (net 76 "Net-(Q4-Pad1)")
  (net 77 "Net-(U9-Pad12)")
  (net 78 "Net-(U9-Pad11)")
  (net 79 MISO)
  (net 80 CS_SD)
  (net 81 "Net-(J1-PadA4)")
  (net 82 "Net-(J1-PadB5)")
  (net 83 "Net-(J1-PadA6)")
  (net 84 "Net-(J1-PadA8)")
  (net 85 "Net-(J1-PadA5)")
  (net 86 "Net-(J1-PadB8)")
  (net 87 "Net-(J1-PadA7)")
  (net 88 BACKLIGHT)
  (net 89 "Net-(J6-PadS1)")
  (net 90 "Net-(J6-PadB8)")
  (net 91 "Net-(J6-PadA5)")
  (net 92 "Net-(J6-PadA8)")
  (net 93 "Net-(J6-PadB5)")
  (net 94 "Net-(U3-Pad23)")
  (net 95 "Net-(U4-Pad1)")
  (net 96 "Net-(U4-Pad3)")
  (net 97 "Net-(C21-Pad2)")
  (net 98 "Net-(C26-Pad1)")
  (net 99 "Net-(C26-Pad2)")
  (net 100 "Net-(C27-Pad2)")
  (net 101 "Net-(R27-Pad1)")
  (net 102 "Net-(J1-PadS1)")
  (net 103 "Net-(J3-Pad2)")
  (net 104 "Net-(JP3-Pad1)")
  (net 105 "Net-(C30-Pad2)")
  (net 106 "Net-(R28-Pad1)")
  (net 107 LEDS_VCC)
  (net 108 "Net-(C10-Pad2)")
  (net 109 "Net-(Q5-Pad1)")
  (net 110 RS422_PWR)

  (net_class Default "This is the default net class."
    (clearance 0.2)
    (trace_width 0.4)
    (via_dia 0.8)
    (via_drill 0.4)
    (uvia_dia 0.3)
    (uvia_drill 0.1)
    (add_net +3V3)
    (add_net +5V)
    (add_net BACKLIGHT)
    (add_net BUZZER)
    (add_net CS)
    (add_net CS_SD)
    (add_net DOWN)
    (add_net GND)
    (add_net LEDA)
    (add_net LEDS_VCC)
    (add_net MISO)
    (add_net MODE)
    (add_net MOSI)
    (add_net "Net-(C10-Pad2)")
    (add_net "Net-(C13-Pad2)")
    (add_net "Net-(C16-Pad1)")
    (add_net "Net-(C16-Pad2)")
    (add_net "Net-(C21-Pad2)")
    (add_net "Net-(C26-Pad1)")
    (add_net "Net-(C26-Pad2)")
    (add_net "Net-(C27-Pad2)")
    (add_net "Net-(C3-Pad1)")
    (add_net "Net-(C3-Pad2)")
    (add_net "Net-(C30-Pad2)")
    (add_net "Net-(C4-Pad2)")
    (add_net "Net-(C7-Pad2)")
    (add_net "Net-(D1-Pad1)")
    (add_net "Net-(D2-Pad1)")
    (add_net "Net-(D3-Pad1)")
    (add_net "Net-(D4-Pad1)")
    (add_net "Net-(D4-Pad2)")
    (add_net "Net-(D5-Pad1)")
    (add_net "Net-(D5-Pad2)")
    (add_net "Net-(J1-PadA4)")
    (add_net "Net-(J1-PadA5)")
    (add_net "Net-(J1-PadA6)")
    (add_net "Net-(J1-PadA7)")
    (add_net "Net-(J1-PadA8)")
    (add_net "Net-(J1-PadB5)")
    (add_net "Net-(J1-PadB8)")
    (add_net "Net-(J1-PadS1)")
    (add_net "Net-(J2-Pad1)")
    (add_net "Net-(J2-Pad2)")
    (add_net "Net-(J2-Pad3)")
    (add_net "Net-(J2-Pad5)")
    (add_net "Net-(J2-Pad6)")
    (add_net "Net-(J3-Pad1)")
    (add_net "Net-(J3-Pad2)")
    (add_net "Net-(J4-Pad1)")
    (add_net "Net-(J4-Pad2)")
    (add_net "Net-(J5-Pad10)")
    (add_net "Net-(J5-Pad11)")
    (add_net "Net-(J5-Pad12)")
    (add_net "Net-(J5-Pad7)")
    (add_net "Net-(J5-Pad8)")
    (add_net "Net-(J5-Pad9)")
    (add_net "Net-(J6-PadA5)")
    (add_net "Net-(J6-PadA8)")
    (add_net "Net-(J6-PadB5)")
    (add_net "Net-(J6-PadB8)")
    (add_net "Net-(J6-PadS1)")
    (add_net "Net-(JP3-Pad1)")
    (add_net "Net-(Q3-Pad1)")
    (add_net "Net-(Q3-Pad2)")
    (add_net "Net-(Q4-Pad1)")
    (add_net "Net-(Q5-Pad1)")
    (add_net "Net-(R14-Pad2)")
    (add_net "Net-(R15-Pad2)")
    (add_net "Net-(R16-Pad1)")
    (add_net "Net-(R17-Pad2)")
    (add_net "Net-(R22-Pad2)")
    (add_net "Net-(R27-Pad1)")
    (add_net "Net-(R28-Pad1)")
    (add_net "Net-(U1-Pad10)")
    (add_net "Net-(U1-Pad11)")
    (add_net "Net-(U1-Pad12)")
    (add_net "Net-(U1-Pad13)")
    (add_net "Net-(U1-Pad14)")
    (add_net "Net-(U1-Pad15)")
    (add_net "Net-(U1-Pad9)")
    (add_net "Net-(U3-Pad17)")
    (add_net "Net-(U3-Pad18)")
    (add_net "Net-(U3-Pad19)")
    (add_net "Net-(U3-Pad20)")
    (add_net "Net-(U3-Pad21)")
    (add_net "Net-(U3-Pad22)")
    (add_net "Net-(U3-Pad23)")
    (add_net "Net-(U3-Pad32)")
    (add_net "Net-(U4-Pad1)")
    (add_net "Net-(U4-Pad3)")
    (add_net "Net-(U6-Pad11)")
    (add_net "Net-(U6-Pad12)")
    (add_net "Net-(U6-Pad3)")
    (add_net "Net-(U7-Pad3)")
    (add_net "Net-(U7-Pad4)")
    (add_net "Net-(U9-Pad11)")
    (add_net "Net-(U9-Pad12)")
    (add_net PWR)
    (add_net PWR_LED)
    (add_net RS)
    (add_net RS422_PWR)
    (add_net RST)
    (add_net RX)
    (add_net RX1)
    (add_net SCK)
    (add_net SCL)
    (add_net SDA)
    (add_net TX)
    (add_net TX1)
    (add_net UP)
  )

  (module Resistor_SMD:R_0805_2012Metric (layer F.Cu) (tedit 5B36C52B) (tstamp 665D12D8)
    (at 81.94 34.1525 90)
    (descr "Resistor SMD 0805 (2012 Metric), square (rectangular) end terminal, IPC_7351 nominal, (Body size source: https://docs.google.com/spreadsheets/d/1BsfQQcO9C6DZCsRaXUlFlo91Tg2WpOkGARC1WS5S8t0/edit?usp=sharing), generated with kicad-footprint-generator")
    (tags resistor)
    (path /668E3143)
    (attr smd)
    (fp_text reference R25 (at 0 -1.65 90) (layer F.SilkS)
      (effects (font (size 1 1) (thickness 0.15)))
    )
    (fp_text value 4.7k (at 0 1.65 90) (layer F.Fab)
      (effects (font (size 1 1) (thickness 0.15)))
    )
    (fp_text user %R (at 0 0 90) (layer F.Fab)
      (effects (font (size 0.5 0.5) (thickness 0.08)))
    )
    (fp_line (start 1.68 0.95) (end -1.68 0.95) (layer F.CrtYd) (width 0.05))
    (fp_line (start 1.68 -0.95) (end 1.68 0.95) (layer F.CrtYd) (width 0.05))
    (fp_line (start -1.68 -0.95) (end 1.68 -0.95) (layer F.CrtYd) (width 0.05))
    (fp_line (start -1.68 0.95) (end -1.68 -0.95) (layer F.CrtYd) (width 0.05))
    (fp_line (start -0.258578 0.71) (end 0.258578 0.71) (layer F.SilkS) (width 0.12))
    (fp_line (start -0.258578 -0.71) (end 0.258578 -0.71) (layer F.SilkS) (width 0.12))
    (fp_line (start 1 0.6) (end -1 0.6) (layer F.Fab) (width 0.1))
    (fp_line (start 1 -0.6) (end 1 0.6) (layer F.Fab) (width 0.1))
    (fp_line (start -1 -0.6) (end 1 -0.6) (layer F.Fab) (width 0.1))
    (fp_line (start -1 0.6) (end -1 -0.6) (layer F.Fab) (width 0.1))
    (pad 2 smd roundrect (at 0.9375 0 90) (size 0.975 1.4) (layers F.Cu F.Paste F.Mask) (roundrect_rratio 0.25)
      (net 2 +3V3))
    (pad 1 smd roundrect (at -0.9375 0 90) (size 0.975 1.4) (layers F.Cu F.Paste F.Mask) (roundrect_rratio 0.25)
      (net 75 "Net-(J2-Pad3)"))
    (model ${KISYS3DMOD}/Resistor_SMD.3dshapes/R_0805_2012Metric.wrl
      (at (xyz 0 0 0))
      (scale (xyz 1 1 1))
      (rotate (xyz 0 0 0))
    )
  )

  (module pypilot_footprints:USB_C_Receptacle_Palconn_UTC16-G (layer F.Cu) (tedit 6658D610) (tstamp 66A9DFC5)
    (at 36.025 77.775)
    (descr http://www.palpilot.com/wp-content/uploads/2017/05/UTC027-GKN-OR-Rev-A.pdf)
    (tags "USB C Type-C Receptacle USB2.0")
    (path /66E02798)
    (attr smd)
    (fp_text reference J1 (at 0 -4.58) (layer F.SilkS)
      (effects (font (size 1 1) (thickness 0.15)))
    )
    (fp_text value usb (at 0 6.24) (layer F.Fab)
      (effects (font (size 1 1) (thickness 0.15)))
    )
    (fp_text user "PCB Edge" (at 0 3.43) (layer Dwgs.User)
      (effects (font (size 1 1) (thickness 0.15)))
    )
    (fp_line (start -4.47 -2.48) (end 4.47 -2.48) (layer F.Fab) (width 0.1))
    (fp_line (start 4.47 -2.48) (end 4.47 4.84) (layer F.Fab) (width 0.1))
    (fp_line (start 4.47 4.84) (end -4.47 4.84) (layer F.Fab) (width 0.1))
    (fp_line (start -4.47 -2.48) (end -4.47 4.84) (layer F.Fab) (width 0.1))
    (fp_text user %R (at 0 1.18) (layer F.Fab)
      (effects (font (size 1 1) (thickness 0.15)))
    )
    (fp_line (start -5.27 5.34) (end 5.27 5.34) (layer F.CrtYd) (width 0.05))
    (fp_line (start -5.27 -3.59) (end -5.27 5.34) (layer F.CrtYd) (width 0.05))
    (fp_line (start 5.27 -3.59) (end -5.27 -3.59) (layer F.CrtYd) (width 0.05))
    (fp_line (start 5.27 5.34) (end 5.27 -3.59) (layer F.CrtYd) (width 0.05))
    (fp_line (start -4.47 4.34) (end 4.47 4.34) (layer Dwgs.User) (width 0.1))
    (fp_line (start -4.47 -0.67) (end -4.47 1.13) (layer F.SilkS) (width 0.12))
    (fp_line (start -4.47 4.84) (end -4.47 3.38) (layer F.SilkS) (width 0.12))
    (fp_line (start 4.47 4.84) (end 4.47 3.38) (layer F.SilkS) (width 0.12))
    (fp_line (start 4.47 -0.67) (end 4.47 1.13) (layer F.SilkS) (width 0.12))
    (fp_line (start 4.47 4.84) (end -4.47 4.84) (layer F.SilkS) (width 0.12))
    (pad A12 smd rect (at 3.2 -2.51) (size 0.6 1.16) (layers F.Cu F.Paste F.Mask)
      (net 1 GND))
    (pad A9 smd rect (at 2.4 -2.51) (size 0.6 1.16) (layers F.Cu F.Paste F.Mask)
      (net 81 "Net-(J1-PadA4)"))
    (pad B1 smd rect (at 3.2 -2.51) (size 0.6 1.16) (layers F.Cu F.Paste F.Mask)
      (net 1 GND))
    (pad B4 smd rect (at 2.4 -2.51) (size 0.6 1.16) (layers F.Cu F.Paste F.Mask)
      (net 81 "Net-(J1-PadA4)"))
    (pad B12 smd rect (at -3.2 -2.51) (size 0.6 1.16) (layers F.Cu F.Paste F.Mask)
      (net 1 GND))
    (pad A1 smd rect (at -3.2 -2.51) (size 0.6 1.16) (layers F.Cu F.Paste F.Mask)
      (net 1 GND))
    (pad B9 smd rect (at -2.4 -2.51) (size 0.6 1.16) (layers F.Cu F.Paste F.Mask)
      (net 81 "Net-(J1-PadA4)"))
    (pad A4 smd rect (at -2.4 -2.51) (size 0.6 1.16) (layers F.Cu F.Paste F.Mask)
      (net 81 "Net-(J1-PadA4)"))
    (pad "" np_thru_hole circle (at -3.25 -0.66 180) (size 1 1) (drill 1) (layers *.Cu *.Mask))
    (pad "" np_thru_hole circle (at 3.25 -0.66 180) (size 1 1) (drill 1) (layers *.Cu *.Mask))
    (pad B5 smd rect (at 1.75 -2.51 180) (size 0.3 1.16) (layers F.Cu F.Paste F.Mask)
      (net 82 "Net-(J1-PadB5)"))
    (pad B6 smd rect (at 0.75 -2.51 180) (size 0.3 1.16) (layers F.Cu F.Paste F.Mask)
      (net 83 "Net-(J1-PadA6)"))
    (pad A8 smd rect (at 1.25 -2.51 180) (size 0.3 1.16) (layers F.Cu F.Paste F.Mask)
      (net 84 "Net-(J1-PadA8)"))
    (pad A5 smd rect (at -1.25 -2.51 180) (size 0.3 1.16) (layers F.Cu F.Paste F.Mask)
      (net 85 "Net-(J1-PadA5)"))
    (pad B8 smd rect (at -1.75 -2.51 180) (size 0.3 1.16) (layers F.Cu F.Paste F.Mask)
      (net 86 "Net-(J1-PadB8)"))
    (pad A7 smd rect (at 0.25 -2.51 180) (size 0.3 1.16) (layers F.Cu F.Paste F.Mask)
      (net 87 "Net-(J1-PadA7)"))
    (pad A6 smd rect (at -0.25 -2.51 180) (size 0.3 1.16) (layers F.Cu F.Paste F.Mask)
      (net 83 "Net-(J1-PadA6)"))
    (pad B7 smd rect (at -0.75 -2.51 180) (size 0.3 1.16) (layers F.Cu F.Paste F.Mask)
      (net 87 "Net-(J1-PadA7)"))
    (pad S1 thru_hole oval (at 4.9 2.24 90) (size 1.8 0.9) (drill oval 1.2 0.5) (layers *.Cu *.Mask)
      (net 102 "Net-(J1-PadS1)"))
    (pad S1 thru_hole oval (at -4.9 2.24 90) (size 1.8 0.9) (drill oval 1.2 0.5) (layers *.Cu *.Mask)
      (net 102 "Net-(J1-PadS1)"))
    (pad S1 thru_hole oval (at 4.9 -0.76 90) (size 1.8 0.9) (drill oval 1.2 0.5) (layers *.Cu *.Mask)
      (net 102 "Net-(J1-PadS1)"))
    (pad S1 thru_hole oval (at -4.9 -0.76 90) (size 1.8 0.9) (drill oval 1.2 0.5) (layers *.Cu *.Mask)
      (net 102 "Net-(J1-PadS1)"))
    (model ${KISYS3DMOD}/Connector_USB.3dshapes/USB_C_Receptacle_Palconn_UTC16-G.wrl
      (at (xyz 0 0 0))
      (scale (xyz 1 1 1))
      (rotate (xyz 0 0 0))
    )
  )

  (module pypilot_mfd_footprints:PinHeader_1x06_P2.54mm_Horizontal (layer F.Cu) (tedit 665F731E) (tstamp 66602220)
    (at 84 44)
    (descr "Through hole angled pin header, 1x06, 2.54mm pitch, 6mm pin length, single row")
    (tags "Through hole angled pin header THT 1x06 2.54mm single row")
    (path /65BFDA65)
    (attr smd)
    (fp_text reference J2 (at -2.27 -4.385 90) (layer F.SilkS)
      (effects (font (size 1 1) (thickness 0.15)))
    )
    (fp_text value keypad (at 4.385 14.97) (layer F.Fab)
      (effects (font (size 1 1) (thickness 0.15)))
    )
    (fp_text user %R (at 0 2.77 180) (layer F.Fab)
      (effects (font (size 1 1) (thickness 0.15)))
    )
    (fp_line (start -8.15 10.55) (end -8.15 -1.8) (layer F.CrtYd) (width 0.05))
    (fp_line (start 8.15 10.55) (end -8.15 10.55) (layer F.CrtYd) (width 0.05))
    (fp_line (start 8.15 -1.8) (end 8.15 10.55) (layer F.CrtYd) (width 0.05))
    (fp_line (start -8.15 -1.8) (end 8.15 -1.8) (layer F.CrtYd) (width 0.05))
    (fp_line (start -7.62 -1.27) (end -7.62 0) (layer F.SilkS) (width 0.12))
    (fp_line (start -6.35 -1.27) (end -7.62 -1.27) (layer F.SilkS) (width 0.12))
    (fp_line (start 6.73 1.042929) (end 6.73 1.44) (layer F.SilkS) (width 0.12))
    (fp_line (start 5.97 1.042929) (end 5.97 1.44) (layer F.SilkS) (width 0.12))
    (fp_line (start 6.73 10.1) (end 6.73 4.1) (layer F.SilkS) (width 0.12))
    (fp_line (start 5.97 10.1) (end 6.73 10.1) (layer F.SilkS) (width 0.12))
    (fp_line (start 5.97 4.1) (end 5.97 10.1) (layer F.SilkS) (width 0.12))
    (fp_line (start 5.08 1.44) (end 5.08 4.1) (layer F.SilkS) (width 0.12))
    (fp_line (start 4.19 1.042929) (end 4.19 1.44) (layer F.SilkS) (width 0.12))
    (fp_line (start 3.43 1.042929) (end 3.43 1.44) (layer F.SilkS) (width 0.12))
    (fp_line (start 4.19 10.1) (end 4.19 4.1) (layer F.SilkS) (width 0.12))
    (fp_line (start 3.43 10.1) (end 4.19 10.1) (layer F.SilkS) (width 0.12))
    (fp_line (start 3.43 4.1) (end 3.43 10.1) (layer F.SilkS) (width 0.12))
    (fp_line (start 2.54 1.44) (end 2.54 4.1) (layer F.SilkS) (width 0.12))
    (fp_line (start 1.65 1.042929) (end 1.65 1.44) (layer F.SilkS) (width 0.12))
    (fp_line (start 0.89 1.042929) (end 0.89 1.44) (layer F.SilkS) (width 0.12))
    (fp_line (start 1.65 10.1) (end 1.65 4.1) (layer F.SilkS) (width 0.12))
    (fp_line (start 0.89 10.1) (end 1.65 10.1) (layer F.SilkS) (width 0.12))
    (fp_line (start 0.89 4.1) (end 0.89 10.1) (layer F.SilkS) (width 0.12))
    (fp_line (start 0 1.44) (end 0 4.1) (layer F.SilkS) (width 0.12))
    (fp_line (start -0.89 1.042929) (end -0.89 1.44) (layer F.SilkS) (width 0.12))
    (fp_line (start -1.65 1.042929) (end -1.65 1.44) (layer F.SilkS) (width 0.12))
    (fp_line (start -0.89 10.1) (end -0.89 4.1) (layer F.SilkS) (width 0.12))
    (fp_line (start -1.65 10.1) (end -0.89 10.1) (layer F.SilkS) (width 0.12))
    (fp_line (start -1.65 4.1) (end -1.65 10.1) (layer F.SilkS) (width 0.12))
    (fp_line (start -2.54 1.44) (end -2.54 4.1) (layer F.SilkS) (width 0.12))
    (fp_line (start -3.43 1.042929) (end -3.43 1.44) (layer F.SilkS) (width 0.12))
    (fp_line (start -4.19 1.042929) (end -4.19 1.44) (layer F.SilkS) (width 0.12))
    (fp_line (start -3.43 10.1) (end -3.43 4.1) (layer F.SilkS) (width 0.12))
    (fp_line (start -4.19 10.1) (end -3.43 10.1) (layer F.SilkS) (width 0.12))
    (fp_line (start -4.19 4.1) (end -4.19 10.1) (layer F.SilkS) (width 0.12))
    (fp_line (start -5.08 1.44) (end -5.08 4.1) (layer F.SilkS) (width 0.12))
    (fp_line (start -5.97 1.11) (end -5.97 1.44) (layer F.SilkS) (width 0.12))
    (fp_line (start -6.73 1.11) (end -6.73 1.44) (layer F.SilkS) (width 0.12))
    (fp_line (start -6.07 4.1) (end -6.07 10.1) (layer F.SilkS) (width 0.12))
    (fp_line (start -6.19 4.1) (end -6.19 10.1) (layer F.SilkS) (width 0.12))
    (fp_line (start -6.31 4.1) (end -6.31 10.1) (layer F.SilkS) (width 0.12))
    (fp_line (start -6.43 4.1) (end -6.43 10.1) (layer F.SilkS) (width 0.12))
    (fp_line (start -6.55 4.1) (end -6.55 10.1) (layer F.SilkS) (width 0.12))
    (fp_line (start -6.67 4.1) (end -6.67 10.1) (layer F.SilkS) (width 0.12))
    (fp_line (start -5.97 10.1) (end -5.97 4.1) (layer F.SilkS) (width 0.12))
    (fp_line (start -6.73 10.1) (end -5.97 10.1) (layer F.SilkS) (width 0.12))
    (fp_line (start -6.73 4.1) (end -6.73 10.1) (layer F.SilkS) (width 0.12))
    (fp_line (start -7.68 4.1) (end -7.68 1.44) (layer F.SilkS) (width 0.12))
    (fp_line (start 7.68 4.1) (end -7.68 4.1) (layer F.SilkS) (width 0.12))
    (fp_line (start 7.68 1.44) (end 7.68 4.1) (layer F.SilkS) (width 0.12))
    (fp_line (start -7.68 1.44) (end 7.68 1.44) (layer F.SilkS) (width 0.12))
    (fp_line (start 6.67 4.04) (end 6.67 10.04) (layer F.Fab) (width 0.1))
    (fp_line (start 6.03 10.04) (end 6.67 10.04) (layer F.Fab) (width 0.1))
    (fp_line (start 6.03 4.04) (end 6.03 10.04) (layer F.Fab) (width 0.1))
    (fp_line (start 6.67 -0.32) (end 6.67 1.5) (layer F.Fab) (width 0.1))
    (fp_line (start 6.03 -0.32) (end 6.67 -0.32) (layer F.Fab) (width 0.1))
    (fp_line (start 6.03 -0.32) (end 6.03 1.5) (layer F.Fab) (width 0.1))
    (fp_line (start 4.13 4.04) (end 4.13 10.04) (layer F.Fab) (width 0.1))
    (fp_line (start 3.49 10.04) (end 4.13 10.04) (layer F.Fab) (width 0.1))
    (fp_line (start 3.49 4.04) (end 3.49 10.04) (layer F.Fab) (width 0.1))
    (fp_line (start 4.13 -0.32) (end 4.13 1.5) (layer F.Fab) (width 0.1))
    (fp_line (start 3.49 -0.32) (end 4.13 -0.32) (layer F.Fab) (width 0.1))
    (fp_line (start 3.49 -0.32) (end 3.49 1.5) (layer F.Fab) (width 0.1))
    (fp_line (start 1.59 4.04) (end 1.59 10.04) (layer F.Fab) (width 0.1))
    (fp_line (start 0.95 10.04) (end 1.59 10.04) (layer F.Fab) (width 0.1))
    (fp_line (start 0.95 4.04) (end 0.95 10.04) (layer F.Fab) (width 0.1))
    (fp_line (start 1.59 -0.32) (end 1.59 1.5) (layer F.Fab) (width 0.1))
    (fp_line (start 0.95 -0.32) (end 1.59 -0.32) (layer F.Fab) (width 0.1))
    (fp_line (start 0.95 -0.32) (end 0.95 1.5) (layer F.Fab) (width 0.1))
    (fp_line (start -0.95 4.04) (end -0.95 10.04) (layer F.Fab) (width 0.1))
    (fp_line (start -1.59 10.04) (end -0.95 10.04) (layer F.Fab) (width 0.1))
    (fp_line (start -1.59 4.04) (end -1.59 10.04) (layer F.Fab) (width 0.1))
    (fp_line (start -0.95 -0.32) (end -0.95 1.5) (layer F.Fab) (width 0.1))
    (fp_line (start -1.59 -0.32) (end -0.95 -0.32) (layer F.Fab) (width 0.1))
    (fp_line (start -1.59 -0.32) (end -1.59 1.5) (layer F.Fab) (width 0.1))
    (fp_line (start -3.49 4.04) (end -3.49 10.04) (layer F.Fab) (width 0.1))
    (fp_line (start -4.13 10.04) (end -3.49 10.04) (layer F.Fab) (width 0.1))
    (fp_line (start -4.13 4.04) (end -4.13 10.04) (layer F.Fab) (width 0.1))
    (fp_line (start -3.49 -0.32) (end -3.49 1.5) (layer F.Fab) (width 0.1))
    (fp_line (start -4.13 -0.32) (end -3.49 -0.32) (layer F.Fab) (width 0.1))
    (fp_line (start -4.13 -0.32) (end -4.13 1.5) (layer F.Fab) (width 0.1))
    (fp_line (start -6.03 4.04) (end -6.03 10.04) (layer F.Fab) (width 0.1))
    (fp_line (start -6.67 10.04) (end -6.03 10.04) (layer F.Fab) (width 0.1))
    (fp_line (start -6.67 4.04) (end -6.67 10.04) (layer F.Fab) (width 0.1))
    (fp_line (start -6.03 -0.32) (end -6.03 1.5) (layer F.Fab) (width 0.1))
    (fp_line (start -6.67 -0.32) (end -6.03 -0.32) (layer F.Fab) (width 0.1))
    (fp_line (start -6.67 -0.32) (end -6.67 1.5) (layer F.Fab) (width 0.1))
    (fp_line (start -6.985 1.5) (end -7.62 2.135) (layer F.Fab) (width 0.1))
    (fp_line (start 7.62 1.5) (end -6.985 1.5) (layer F.Fab) (width 0.1))
    (fp_line (start 7.62 4.04) (end 7.62 1.5) (layer F.Fab) (width 0.1))
    (fp_line (start -7.62 4.04) (end 7.62 4.04) (layer F.Fab) (width 0.1))
    (fp_line (start -7.62 2.135) (end -7.62 4.04) (layer F.Fab) (width 0.1))
    (pad 6 thru_hole oval (at 6.35 0 90) (size 1.7 1.7) (drill 1) (layers *.Cu *.Mask)
      (net 64 "Net-(J2-Pad6)"))
    (pad 5 thru_hole oval (at 3.81 0 90) (size 1.7 1.7) (drill 1) (layers *.Cu *.Mask)
      (net 63 "Net-(J2-Pad5)"))
    (pad 4 thru_hole oval (at 1.27 0 90) (size 1.7 1.7) (drill 1) (layers *.Cu *.Mask)
      (net 1 GND))
    (pad 3 thru_hole oval (at -1.27 0 90) (size 1.7 1.7) (drill 1) (layers *.Cu *.Mask)
      (net 75 "Net-(J2-Pad3)"))
    (pad 2 thru_hole oval (at -3.81 0 90) (size 1.7 1.7) (drill 1) (layers *.Cu *.Mask)
      (net 28 "Net-(J2-Pad2)"))
    (pad 1 thru_hole rect (at -6.35 0 90) (size 1.7 1.7) (drill 1) (layers *.Cu *.Mask)
      (net 65 "Net-(J2-Pad1)"))
    (model ${KISYS3DMOD}/Connector_PinHeader_2.54mm.3dshapes/PinHeader_1x06_P2.54mm_Horizontal.wrl
      (at (xyz 0 0 0))
      (scale (xyz 1 1 1))
      (rotate (xyz 0 0 0))
    )
  )

  (module Capacitor_SMD:C_1206_3216Metric (layer F.Cu) (tedit 5B301BBE) (tstamp 65FD6C8A)
    (at 16.5 75.975)
    (descr "Capacitor SMD 1206 (3216 Metric), square (rectangular) end terminal, IPC_7351 nominal, (Body size source: http://www.tortai-tech.com/upload/download/2011102023233369053.pdf), generated with kicad-footprint-generator")
    (tags capacitor)
    (path /66063454)
    (attr smd)
    (fp_text reference C1 (at 3.5 0.2) (layer F.SilkS)
      (effects (font (size 1 1) (thickness 0.15)))
    )
    (fp_text value 10uF (at 0 1.82) (layer F.Fab)
      (effects (font (size 1 1) (thickness 0.15)))
    )
    (fp_text user %R (at 0 0) (layer F.Fab)
      (effects (font (size 0.8 0.8) (thickness 0.12)))
    )
    (fp_line (start 2.28 1.12) (end -2.28 1.12) (layer F.CrtYd) (width 0.05))
    (fp_line (start 2.28 -1.12) (end 2.28 1.12) (layer F.CrtYd) (width 0.05))
    (fp_line (start -2.28 -1.12) (end 2.28 -1.12) (layer F.CrtYd) (width 0.05))
    (fp_line (start -2.28 1.12) (end -2.28 -1.12) (layer F.CrtYd) (width 0.05))
    (fp_line (start -0.602064 0.91) (end 0.602064 0.91) (layer F.SilkS) (width 0.12))
    (fp_line (start -0.602064 -0.91) (end 0.602064 -0.91) (layer F.SilkS) (width 0.12))
    (fp_line (start 1.6 0.8) (end -1.6 0.8) (layer F.Fab) (width 0.1))
    (fp_line (start 1.6 -0.8) (end 1.6 0.8) (layer F.Fab) (width 0.1))
    (fp_line (start -1.6 -0.8) (end 1.6 -0.8) (layer F.Fab) (width 0.1))
    (fp_line (start -1.6 0.8) (end -1.6 -0.8) (layer F.Fab) (width 0.1))
    (pad 2 smd roundrect (at 1.4 0) (size 1.25 1.75) (layers F.Cu F.Paste F.Mask) (roundrect_rratio 0.2)
      (net 3 +5V))
    (pad 1 smd roundrect (at -1.4 0) (size 1.25 1.75) (layers F.Cu F.Paste F.Mask) (roundrect_rratio 0.2)
      (net 1 GND))
    (model ${KISYS3DMOD}/Capacitor_SMD.3dshapes/C_1206_3216Metric.wrl
      (at (xyz 0 0 0))
      (scale (xyz 1 1 1))
      (rotate (xyz 0 0 0))
    )
  )

  (module Capacitor_SMD:C_0805_2012Metric (layer F.Cu) (tedit 5B36C52B) (tstamp 65FD6C9B)
    (at 15.575 72.625)
    (descr "Capacitor SMD 0805 (2012 Metric), square (rectangular) end terminal, IPC_7351 nominal, (Body size source: https://docs.google.com/spreadsheets/d/1BsfQQcO9C6DZCsRaXUlFlo91Tg2WpOkGARC1WS5S8t0/edit?usp=sharing), generated with kicad-footprint-generator")
    (tags capacitor)
    (path /6603B721)
    (attr smd)
    (fp_text reference C2 (at 3.4 0.2) (layer F.SilkS)
      (effects (font (size 1 1) (thickness 0.15)))
    )
    (fp_text value .1uF (at 0 1.65) (layer F.Fab)
      (effects (font (size 1 1) (thickness 0.15)))
    )
    (fp_line (start -1 0.6) (end -1 -0.6) (layer F.Fab) (width 0.1))
    (fp_line (start -1 -0.6) (end 1 -0.6) (layer F.Fab) (width 0.1))
    (fp_line (start 1 -0.6) (end 1 0.6) (layer F.Fab) (width 0.1))
    (fp_line (start 1 0.6) (end -1 0.6) (layer F.Fab) (width 0.1))
    (fp_line (start -0.258578 -0.71) (end 0.258578 -0.71) (layer F.SilkS) (width 0.12))
    (fp_line (start -0.258578 0.71) (end 0.258578 0.71) (layer F.SilkS) (width 0.12))
    (fp_line (start -1.68 0.95) (end -1.68 -0.95) (layer F.CrtYd) (width 0.05))
    (fp_line (start -1.68 -0.95) (end 1.68 -0.95) (layer F.CrtYd) (width 0.05))
    (fp_line (start 1.68 -0.95) (end 1.68 0.95) (layer F.CrtYd) (width 0.05))
    (fp_line (start 1.68 0.95) (end -1.68 0.95) (layer F.CrtYd) (width 0.05))
    (fp_text user %R (at 0 0) (layer F.Fab)
      (effects (font (size 0.5 0.5) (thickness 0.08)))
    )
    (pad 1 smd roundrect (at -0.9375 0) (size 0.975 1.4) (layers F.Cu F.Paste F.Mask) (roundrect_rratio 0.25)
      (net 1 GND))
    (pad 2 smd roundrect (at 0.9375 0) (size 0.975 1.4) (layers F.Cu F.Paste F.Mask) (roundrect_rratio 0.25)
      (net 3 +5V))
    (model ${KISYS3DMOD}/Capacitor_SMD.3dshapes/C_0805_2012Metric.wrl
      (at (xyz 0 0 0))
      (scale (xyz 1 1 1))
      (rotate (xyz 0 0 0))
    )
  )

  (module Capacitor_SMD:C_0805_2012Metric (layer F.Cu) (tedit 5B36C52B) (tstamp 66004728)
    (at 48.99 87.52)
    (descr "Capacitor SMD 0805 (2012 Metric), square (rectangular) end terminal, IPC_7351 nominal, (Body size source: https://docs.google.com/spreadsheets/d/1BsfQQcO9C6DZCsRaXUlFlo91Tg2WpOkGARC1WS5S8t0/edit?usp=sharing), generated with kicad-footprint-generator")
    (tags capacitor)
    (path /6605CEED)
    (attr smd)
    (fp_text reference C3 (at -3.4 0.35) (layer F.SilkS)
      (effects (font (size 1 1) (thickness 0.15)))
    )
    (fp_text value .1uF (at 0 1.65) (layer F.Fab)
      (effects (font (size 1 1) (thickness 0.15)))
    )
    (fp_line (start -1 0.6) (end -1 -0.6) (layer F.Fab) (width 0.1))
    (fp_line (start -1 -0.6) (end 1 -0.6) (layer F.Fab) (width 0.1))
    (fp_line (start 1 -0.6) (end 1 0.6) (layer F.Fab) (width 0.1))
    (fp_line (start 1 0.6) (end -1 0.6) (layer F.Fab) (width 0.1))
    (fp_line (start -0.258578 -0.71) (end 0.258578 -0.71) (layer F.SilkS) (width 0.12))
    (fp_line (start -0.258578 0.71) (end 0.258578 0.71) (layer F.SilkS) (width 0.12))
    (fp_line (start -1.68 0.95) (end -1.68 -0.95) (layer F.CrtYd) (width 0.05))
    (fp_line (start -1.68 -0.95) (end 1.68 -0.95) (layer F.CrtYd) (width 0.05))
    (fp_line (start 1.68 -0.95) (end 1.68 0.95) (layer F.CrtYd) (width 0.05))
    (fp_line (start 1.68 0.95) (end -1.68 0.95) (layer F.CrtYd) (width 0.05))
    (fp_text user %R (at 0 0) (layer F.Fab)
      (effects (font (size 0.5 0.5) (thickness 0.08)))
    )
    (pad 1 smd roundrect (at -0.9375 0) (size 0.975 1.4) (layers F.Cu F.Paste F.Mask) (roundrect_rratio 0.25)
      (net 24 "Net-(C3-Pad1)"))
    (pad 2 smd roundrect (at 0.9375 0) (size 0.975 1.4) (layers F.Cu F.Paste F.Mask) (roundrect_rratio 0.25)
      (net 25 "Net-(C3-Pad2)"))
    (model ${KISYS3DMOD}/Capacitor_SMD.3dshapes/C_0805_2012Metric.wrl
      (at (xyz 0 0 0))
      (scale (xyz 1 1 1))
      (rotate (xyz 0 0 0))
    )
  )

  (module Capacitor_SMD:C_0805_2012Metric (layer F.Cu) (tedit 5B36C52B) (tstamp 6678E63F)
    (at 34.2 57.45 180)
    (descr "Capacitor SMD 0805 (2012 Metric), square (rectangular) end terminal, IPC_7351 nominal, (Body size source: https://docs.google.com/spreadsheets/d/1BsfQQcO9C6DZCsRaXUlFlo91Tg2WpOkGARC1WS5S8t0/edit?usp=sharing), generated with kicad-footprint-generator")
    (tags capacitor)
    (path /620291EA)
    (attr smd)
    (fp_text reference C4 (at -2.95 0.35) (layer F.SilkS)
      (effects (font (size 1 1) (thickness 0.15)))
    )
    (fp_text value 22pF (at 0 1.65) (layer F.Fab)
      (effects (font (size 1 1) (thickness 0.15)))
    )
    (fp_text user %R (at 0 0) (layer F.Fab)
      (effects (font (size 0.5 0.5) (thickness 0.08)))
    )
    (fp_line (start 1.68 0.95) (end -1.68 0.95) (layer F.CrtYd) (width 0.05))
    (fp_line (start 1.68 -0.95) (end 1.68 0.95) (layer F.CrtYd) (width 0.05))
    (fp_line (start -1.68 -0.95) (end 1.68 -0.95) (layer F.CrtYd) (width 0.05))
    (fp_line (start -1.68 0.95) (end -1.68 -0.95) (layer F.CrtYd) (width 0.05))
    (fp_line (start -0.258578 0.71) (end 0.258578 0.71) (layer F.SilkS) (width 0.12))
    (fp_line (start -0.258578 -0.71) (end 0.258578 -0.71) (layer F.SilkS) (width 0.12))
    (fp_line (start 1 0.6) (end -1 0.6) (layer F.Fab) (width 0.1))
    (fp_line (start 1 -0.6) (end 1 0.6) (layer F.Fab) (width 0.1))
    (fp_line (start -1 -0.6) (end 1 -0.6) (layer F.Fab) (width 0.1))
    (fp_line (start -1 0.6) (end -1 -0.6) (layer F.Fab) (width 0.1))
    (pad 2 smd roundrect (at 0.9375 0 180) (size 0.975 1.4) (layers F.Cu F.Paste F.Mask) (roundrect_rratio 0.25)
      (net 11 "Net-(C4-Pad2)"))
    (pad 1 smd roundrect (at -0.9375 0 180) (size 0.975 1.4) (layers F.Cu F.Paste F.Mask) (roundrect_rratio 0.25)
      (net 1 GND))
    (model ${KISYS3DMOD}/Capacitor_SMD.3dshapes/C_0805_2012Metric.wrl
      (at (xyz 0 0 0))
      (scale (xyz 1 1 1))
      (rotate (xyz 0 0 0))
    )
  )

  (module Capacitor_SMD:C_0805_2012Metric (layer F.Cu) (tedit 5B36C52B) (tstamp 65FD6CCE)
    (at 22.11 65.575)
    (descr "Capacitor SMD 0805 (2012 Metric), square (rectangular) end terminal, IPC_7351 nominal, (Body size source: https://docs.google.com/spreadsheets/d/1BsfQQcO9C6DZCsRaXUlFlo91Tg2WpOkGARC1WS5S8t0/edit?usp=sharing), generated with kicad-footprint-generator")
    (tags capacitor)
    (path /6603934C)
    (attr smd)
    (fp_text reference C5 (at -3.2 0.15) (layer F.SilkS)
      (effects (font (size 1 1) (thickness 0.15)))
    )
    (fp_text value .1uF (at 0 1.65) (layer F.Fab)
      (effects (font (size 1 1) (thickness 0.15)))
    )
    (fp_text user %R (at 0 0) (layer F.Fab)
      (effects (font (size 0.5 0.5) (thickness 0.08)))
    )
    (fp_line (start 1.68 0.95) (end -1.68 0.95) (layer F.CrtYd) (width 0.05))
    (fp_line (start 1.68 -0.95) (end 1.68 0.95) (layer F.CrtYd) (width 0.05))
    (fp_line (start -1.68 -0.95) (end 1.68 -0.95) (layer F.CrtYd) (width 0.05))
    (fp_line (start -1.68 0.95) (end -1.68 -0.95) (layer F.CrtYd) (width 0.05))
    (fp_line (start -0.258578 0.71) (end 0.258578 0.71) (layer F.SilkS) (width 0.12))
    (fp_line (start -0.258578 -0.71) (end 0.258578 -0.71) (layer F.SilkS) (width 0.12))
    (fp_line (start 1 0.6) (end -1 0.6) (layer F.Fab) (width 0.1))
    (fp_line (start 1 -0.6) (end 1 0.6) (layer F.Fab) (width 0.1))
    (fp_line (start -1 -0.6) (end 1 -0.6) (layer F.Fab) (width 0.1))
    (fp_line (start -1 0.6) (end -1 -0.6) (layer F.Fab) (width 0.1))
    (pad 2 smd roundrect (at 0.9375 0) (size 0.975 1.4) (layers F.Cu F.Paste F.Mask) (roundrect_rratio 0.25)
      (net 97 "Net-(C21-Pad2)"))
    (pad 1 smd roundrect (at -0.9375 0) (size 0.975 1.4) (layers F.Cu F.Paste F.Mask) (roundrect_rratio 0.25)
      (net 1 GND))
    (model ${KISYS3DMOD}/Capacitor_SMD.3dshapes/C_0805_2012Metric.wrl
      (at (xyz 0 0 0))
      (scale (xyz 1 1 1))
      (rotate (xyz 0 0 0))
    )
  )

  (module Capacitor_SMD:C_1206_3216Metric (layer F.Cu) (tedit 5B301BBE) (tstamp 66A9E5ED)
    (at 21.51 63.325)
    (descr "Capacitor SMD 1206 (3216 Metric), square (rectangular) end terminal, IPC_7351 nominal, (Body size source: http://www.tortai-tech.com/upload/download/2011102023233369053.pdf), generated with kicad-footprint-generator")
    (tags capacitor)
    (path /6603A48F)
    (attr smd)
    (fp_text reference C6 (at -3.475 0.075) (layer F.SilkS)
      (effects (font (size 1 1) (thickness 0.15)))
    )
    (fp_text value 10uF (at 0 1.82) (layer F.Fab)
      (effects (font (size 1 1) (thickness 0.15)))
    )
    (fp_line (start -1.6 0.8) (end -1.6 -0.8) (layer F.Fab) (width 0.1))
    (fp_line (start -1.6 -0.8) (end 1.6 -0.8) (layer F.Fab) (width 0.1))
    (fp_line (start 1.6 -0.8) (end 1.6 0.8) (layer F.Fab) (width 0.1))
    (fp_line (start 1.6 0.8) (end -1.6 0.8) (layer F.Fab) (width 0.1))
    (fp_line (start -0.602064 -0.91) (end 0.602064 -0.91) (layer F.SilkS) (width 0.12))
    (fp_line (start -0.602064 0.91) (end 0.602064 0.91) (layer F.SilkS) (width 0.12))
    (fp_line (start -2.28 1.12) (end -2.28 -1.12) (layer F.CrtYd) (width 0.05))
    (fp_line (start -2.28 -1.12) (end 2.28 -1.12) (layer F.CrtYd) (width 0.05))
    (fp_line (start 2.28 -1.12) (end 2.28 1.12) (layer F.CrtYd) (width 0.05))
    (fp_line (start 2.28 1.12) (end -2.28 1.12) (layer F.CrtYd) (width 0.05))
    (fp_text user %R (at 0 0) (layer F.Fab)
      (effects (font (size 0.8 0.8) (thickness 0.12)))
    )
    (pad 1 smd roundrect (at -1.4 0) (size 1.25 1.75) (layers F.Cu F.Paste F.Mask) (roundrect_rratio 0.2)
      (net 1 GND))
    (pad 2 smd roundrect (at 1.4 0) (size 1.25 1.75) (layers F.Cu F.Paste F.Mask) (roundrect_rratio 0.2)
      (net 97 "Net-(C21-Pad2)"))
    (model ${KISYS3DMOD}/Capacitor_SMD.3dshapes/C_1206_3216Metric.wrl
      (at (xyz 0 0 0))
      (scale (xyz 1 1 1))
      (rotate (xyz 0 0 0))
    )
  )

  (module Capacitor_SMD:C_0805_2012Metric (layer F.Cu) (tedit 5B36C52B) (tstamp 6678E5AF)
    (at 38.3125 57.525 180)
    (descr "Capacitor SMD 0805 (2012 Metric), square (rectangular) end terminal, IPC_7351 nominal, (Body size source: https://docs.google.com/spreadsheets/d/1BsfQQcO9C6DZCsRaXUlFlo91Tg2WpOkGARC1WS5S8t0/edit?usp=sharing), generated with kicad-footprint-generator")
    (tags capacitor)
    (path /66027D10)
    (attr smd)
    (fp_text reference C7 (at 0 -1.65) (layer F.SilkS)
      (effects (font (size 1 1) (thickness 0.15)))
    )
    (fp_text value .1uF (at 0 1.65) (layer F.Fab)
      (effects (font (size 1 1) (thickness 0.15)))
    )
    (fp_line (start -1 0.6) (end -1 -0.6) (layer F.Fab) (width 0.1))
    (fp_line (start -1 -0.6) (end 1 -0.6) (layer F.Fab) (width 0.1))
    (fp_line (start 1 -0.6) (end 1 0.6) (layer F.Fab) (width 0.1))
    (fp_line (start 1 0.6) (end -1 0.6) (layer F.Fab) (width 0.1))
    (fp_line (start -0.258578 -0.71) (end 0.258578 -0.71) (layer F.SilkS) (width 0.12))
    (fp_line (start -0.258578 0.71) (end 0.258578 0.71) (layer F.SilkS) (width 0.12))
    (fp_line (start -1.68 0.95) (end -1.68 -0.95) (layer F.CrtYd) (width 0.05))
    (fp_line (start -1.68 -0.95) (end 1.68 -0.95) (layer F.CrtYd) (width 0.05))
    (fp_line (start 1.68 -0.95) (end 1.68 0.95) (layer F.CrtYd) (width 0.05))
    (fp_line (start 1.68 0.95) (end -1.68 0.95) (layer F.CrtYd) (width 0.05))
    (fp_text user %R (at 0 0) (layer F.Fab)
      (effects (font (size 0.5 0.5) (thickness 0.08)))
    )
    (pad 1 smd roundrect (at -0.9375 0 180) (size 0.975 1.4) (layers F.Cu F.Paste F.Mask) (roundrect_rratio 0.25)
      (net 1 GND))
    (pad 2 smd roundrect (at 0.9375 0 180) (size 0.975 1.4) (layers F.Cu F.Paste F.Mask) (roundrect_rratio 0.25)
      (net 26 "Net-(C7-Pad2)"))
    (model ${KISYS3DMOD}/Capacitor_SMD.3dshapes/C_0805_2012Metric.wrl
      (at (xyz 0 0 0))
      (scale (xyz 1 1 1))
      (rotate (xyz 0 0 0))
    )
  )

  (module Capacitor_SMD:C_0805_2012Metric (layer F.Cu) (tedit 5B36C52B) (tstamp 6678E60F)
    (at 43.31 66.265 270)
    (descr "Capacitor SMD 0805 (2012 Metric), square (rectangular) end terminal, IPC_7351 nominal, (Body size source: https://docs.google.com/spreadsheets/d/1BsfQQcO9C6DZCsRaXUlFlo91Tg2WpOkGARC1WS5S8t0/edit?usp=sharing), generated with kicad-footprint-generator")
    (tags capacitor)
    (path /66029DE2)
    (attr smd)
    (fp_text reference C8 (at 0 -1.65 90) (layer F.SilkS)
      (effects (font (size 1 1) (thickness 0.15)))
    )
    (fp_text value .1uF (at 0 1.65 90) (layer F.Fab)
      (effects (font (size 1 1) (thickness 0.15)))
    )
    (fp_text user %R (at 0 0 90) (layer F.Fab)
      (effects (font (size 0.5 0.5) (thickness 0.08)))
    )
    (fp_line (start 1.68 0.95) (end -1.68 0.95) (layer F.CrtYd) (width 0.05))
    (fp_line (start 1.68 -0.95) (end 1.68 0.95) (layer F.CrtYd) (width 0.05))
    (fp_line (start -1.68 -0.95) (end 1.68 -0.95) (layer F.CrtYd) (width 0.05))
    (fp_line (start -1.68 0.95) (end -1.68 -0.95) (layer F.CrtYd) (width 0.05))
    (fp_line (start -0.258578 0.71) (end 0.258578 0.71) (layer F.SilkS) (width 0.12))
    (fp_line (start -0.258578 -0.71) (end 0.258578 -0.71) (layer F.SilkS) (width 0.12))
    (fp_line (start 1 0.6) (end -1 0.6) (layer F.Fab) (width 0.1))
    (fp_line (start 1 -0.6) (end 1 0.6) (layer F.Fab) (width 0.1))
    (fp_line (start -1 -0.6) (end 1 -0.6) (layer F.Fab) (width 0.1))
    (fp_line (start -1 0.6) (end -1 -0.6) (layer F.Fab) (width 0.1))
    (pad 2 smd roundrect (at 0.9375 0 270) (size 0.975 1.4) (layers F.Cu F.Paste F.Mask) (roundrect_rratio 0.25)
      (net 3 +5V))
    (pad 1 smd roundrect (at -0.9375 0 270) (size 0.975 1.4) (layers F.Cu F.Paste F.Mask) (roundrect_rratio 0.25)
      (net 1 GND))
    (model ${KISYS3DMOD}/Capacitor_SMD.3dshapes/C_0805_2012Metric.wrl
      (at (xyz 0 0 0))
      (scale (xyz 1 1 1))
      (rotate (xyz 0 0 0))
    )
  )

  (module Capacitor_SMD:C_0805_2012Metric (layer F.Cu) (tedit 5B36C52B) (tstamp 66A9E2AE)
    (at 27.95 50.225)
    (descr "Capacitor SMD 0805 (2012 Metric), square (rectangular) end terminal, IPC_7351 nominal, (Body size source: https://docs.google.com/spreadsheets/d/1BsfQQcO9C6DZCsRaXUlFlo91Tg2WpOkGARC1WS5S8t0/edit?usp=sharing), generated with kicad-footprint-generator")
    (tags capacitor)
    (path /5FE8C28D)
    (attr smd)
    (fp_text reference C12 (at 0 -1.65) (layer F.SilkS)
      (effects (font (size 1 1) (thickness 0.15)))
    )
    (fp_text value .1uF (at 0 1.65) (layer F.Fab)
      (effects (font (size 1 1) (thickness 0.15)))
    )
    (fp_text user %R (at 0 0) (layer F.Fab)
      (effects (font (size 0.5 0.5) (thickness 0.08)))
    )
    (fp_line (start 1.68 0.95) (end -1.68 0.95) (layer F.CrtYd) (width 0.05))
    (fp_line (start 1.68 -0.95) (end 1.68 0.95) (layer F.CrtYd) (width 0.05))
    (fp_line (start -1.68 -0.95) (end 1.68 -0.95) (layer F.CrtYd) (width 0.05))
